Pixel movimiento

3E 88 32 00 C0 76 76 76 76 76 76 76 76 76 76 76 76 76 76 76 76 76 76 76 76 76 76 76 76 76 76 76 76 76 76
3E 44 32 00 C0 76 76 76 76 76 76 76 76 76 76 76 76 76 76 76 76 76 76 76 76 76 76 76 76 76 76 76 76 76 76
3E 22 32 00 C0 76 76 76 76 76 76 76 76 76 76 76 76 76 76 76 76 76 76 76 76 76 76 76 76 76 76 76 76 76 76
3E 11 32 00 C0 76 76 76 76 76 76 76 76 76 76 76 76 76 76 76 76 76 76 76 76 76 76 76 76 76 76 76 76 76 76
c3 00 40 ;jp #4000


barra de progreso

3E FF 32 00 C0 76 76 76 76 76 76 76 76 76 76 76 76 76 76 76 76 76 76 76 76 76 76 76 76 76 76 76 76 76 76
3E FF 32 00 C0 76 76 76 76 76 76 76 76 76 76 76 76 76 76 76 76 76 76 76 76 76 76 76 76 76 76 76 76 76 76
3E F3 32 00 C0 76 76 76 76 76 76 76 76 76 76 76 76 76 76 76 76 76 76 76 76 76 76 76 76 76 76 76 76 76 76
3E F1 32 00 C0 76 76 76 76 76 76 76 76 76 76 76 76 76 76 76 76 76 76 76 76 76 76 76 76 76 76 76 76 76 76
3E F0 32 00 C0 76 76 76 76 76 76 76 76 76 76 76 76 76 76 76 76 76 76 76 76 76 76 76 76 76 76 76 76 76 76
3E 78 32 00 C0 76 76 76 76 76 76 76 76 76 76 76 76 76 76 76 76 76 76 76 76 76 76 76 76 76 76 76 76 76 76
3E 3C 32 00 C0 76 76 76 76 76 76 76 76 76 76 76 76 76 76 76 76 76 76 76 76 76 76 76 76 76 76 76 76 76 76
3E 1E 32 00 C0 76 76 76 76 76 76 76 76 76 76 76 76 76 76 76 76 76 76 76 76 76 76 76 76 76 76 76 76 76 76
3E 0F 32 00 C0 76 76 76 76 76 76 76 76 76 76 76 76 76 76 76 76 76 76 76 76 76 76 76 76 76 76 76 76 76 76

c3 00 40 ;jp #4000


pelota


3E 60 32 02 c0 3E f6 32 02 c8 3E f6 32 02 d0 3E 60 32 02 d8 76 76 76 76 76 76 76 76 76 76 76 76 76 76 76 76 76 76 76 76 76 76 76 76 76 76 76 76 76 76 76 76 76
3E 00 32 02 c0 3E 60 32 02 c8 3E f6 32 02 d0 3E f6 32 02 d8 3E 60 32 02 e0 76 76 76 76 76 76 76 76 76 76 76 76 76 76 76 76 76 76 76 76 76 76 76 76 76 76 76 76 
3E 00 32 02 c8 3E 60 32 02 d0 3E f6 32 02 d8 3E f6 32 02 e0 3E 60 32 02 e8 76 76 76 76 76 76 76 76 76 76 76 76 76 76 76 76 76 76 76 76 76 76 76 
3E 00 32 02 d0 3E 60 32 02 d8 3E f6 32 02 e0 3E f6 32 02 e8 3E 60 32 02 f0 76 76 76 76 76 76 76 76 76 76 76 76 76 76 76 76 76 76 76 
3E 00 32 02 d8 3E 60 32 02 e0 3E f6 32 02 e8 3E f6 32 02 e8 3E 60 32 02 f8 76 76 76 76 76 76 76 76 76 76 
3E 00 32 02 f8 3E 60 32 02 d8 3E f6 32 02 e0 3E f6 32 02 e8 3E 60 32 02 f0 76 76 76 76 76 76 76 76 76 76 76 76 76 76 76 76 76 76 76 
3E 00 32 02 f0 3E 60 32 02 d0 3E f6 32 02 d8 3E f6 32 02 e0 3E 00 32 02 e8 76 76 76 76 76 76 76 76 76 76 76 76 76 76 76 76 76 76 76 76 76 76 76 
3E 00 32 02 e8 3E 60 32 02 d0 3E f6 32 02 d8 3E f6 32 02 e0 3E 00 32 02 e8 76 76 76 76 76 76 76 76 76 76 76 76 76 76 76 76 76 76 76 76 76 76 76 
3E 00 32 02 e0 3E 60 32 02 c8 3E f6 32 02 d0 3E f6 32 02 d8 3E 00 32 02 e0 76 76 76 76 76 76 76 76 76 76 76 76 76 76 76 76 76 76 76 76 76 76 76 76 76 76 76 76 c3 00 40 